1
3
0
1
0
3
6
4
7
5
4
7
5
6
8
10
11
9
11
9
8
14
13
12
15
13
14
12
15
18
19
16
19
18
16
20
23
21
20
21
23
27
24
26
26
24
27
29
30
28
31
29
30
31
28
34
35
32
33
35
33
34
32
39
36
38
37
39
36
38
37
40
43
41
42
42
43
41
40
44
46
45
47
45
44
47
46
49
48
51
50
48
49
50
51
52
54
55
53
52
54
53
55
58
56
57
59
57
56
58
59
60
62
63
61
60
62
61
63
65
64
67
66
65
67
66
64
71
69
70
68
70
68
71
69
73
75
74
72
74
75
72
73
79
77
76
78
77
76
79
78
81
83
80
82
81
80
83
82
84
85
86
85
86
84
89
88
91
89
91
88
92
93
95
94
93
95
92
94
99
98
96
97
96
98
99
97
103
101
102
100
103
102
101
100
104
105
107
104
107
105
110
111
109
108
110
109
108
111
115
113
112
114
113
115
114
112
117
116
119
118
119
116
118
117
121
122
120
123
120
121
122
123
127
124
125
126
124
126
125
127
130
131
128
129
129
130
128
131
133
135
132
134
135
133
132
134
137
136
139
138
139
136
137
138
143
141
142
140
140
141
143
142
147
144
145
146
147
144
146
145
149
150
151
151
150
149
154
152
153
155
154
152
155
153
159
156
157
158
156
157
159
158
161
163
160
162
162
160
161
163
167
166
165
164
167
164
165
166
168
171
170
169
170
169
168
171
174
173
172
175
174
175
172
173
179
176
178
177
179
177
178
176
181
183
182
180
181
183
180
182
187
185
184
186
